Canyon 2
1 03889U 69036A   22058.58164633 0.00000000  00000-0  00000-0 0    08
2 03889  10.3920  54.5705 0924613 151.8146 208.1854  1.00414653    04
Rhyolite 1
1 04418U 70046A   21151.91249899 0.00000000  00000-0  00000-0 0    08
2 04418   2.4659 282.9236 0010125 170.3685 189.6626  1.00263758    06
Canyon 6
1 07963U 75055A   20019.44661353 0.00000000  00000-0  00000-0 0    04
2 07963  16.1777 292.0988 1364095 349.2540   8.1103  1.00297580    04
NOSS 1 (A)
1 08818U 76038A   22194.91247366 0.00000200  00000-0  51916-4 0    06
2 08818  63.3334 119.3095 0527986 163.6047 196.3953 13.89553795    02
DSP F7 Cover
1 09856U 77007D   14115.47134620 0.00000000  00000-0  00000-0 0    01
2 09856  12.3628 324.0873 0234341 358.7278   1.2255  1.00592841    01
NOSS 2 (A)
1 10502U 77112A   22225.86615730 0.00001901  00000-0  20424-3 0    04
2 10502  63.3262 151.2600 0649668 140.0088 219.9809 13.97124981    00
Rhyolite 3
1 10508U 77114A   20265.91358428 0.00000000  00000-0  00000-0 0    02
2 10508  15.1894 306.0758 0017212 300.2330  59.6164  1.00254309    02
Vortex 1
1 10941U 78058A   22059.66968979 0.00000000  00000-0  00000-0 0    04
2 10941   8.9872  22.6012 1479935  32.5983 335.7461  1.00129955    03
KH 9-16 Elint
1 11852U 80052C   21223.88211088 0.00000000  00000-0  00000-0 0    01
2 11852  96.6070 122.7429 0001500 152.1043 207.8956 12.83314142    02
Ekran 5
1 11890U 80060A   20150.21996275 0.00000000  00000-0  00000-0 0    05
2 11890  10.7242 309.6291 0010946 141.9721 218.1173  1.00277198    00
Vortex 3
1 12930U 81107A   21127.48908885 0.00000000  00000-0  00000-0 0    08
2 12930   6.5792 352.1789 0874397 358.6499   1.1344  1.00229014    05
KH 9-17 Elint
1 13172U 82041C   22234.84411388 0.00001148  00000-0  11689-3 0    04
2 13172  95.9796 294.2366 0002192 357.9055   2.1003 14.90809316    08
NOSS 4 (A)
1 13791U 83008A   22233.88899916 0.00004300  00000-0  33090-3 0    08
2 13791  63.2877 170.3489 0860599 111.3293 248.6707 13.63980764    06
NOSS 4 PlmShld
1 13792U 83008B   22208.88395114 0.00000250  00000-0  10928-3 0    07
2 13792  63.3248 147.9574 0661166 123.4787 236.5213 13.45246026    00
NOSS 5 (A)
1 14112U 83056A   22213.77459671 0.00006187  00000-0  43077-3 0    06
2 14112  63.2878 107.4530 0878969 105.6824 254.3176 13.62740984    00
Vortex 4
1 14675U 84009A   21127.42304923 0.00000000  00000-0  00000-0 0    07
2 14675   6.2879 348.1812 1004169  20.1398 343.5771  1.00230210    07
NOSS 6 (A)
1 14690U 84012A   22230.83499538 0.00010010  00000-0  56339-3 0    07
2 14690  63.3304 132.0759 0882652  99.1180 260.9276 13.67164736    03
USA 3
1 15071U 84065C   22113.82502970 0.00001900  00000-0  17963-3 0    01
2 15071  95.8923 323.7753 0005006 160.3298 199.6700 14.93759379    01
Magnum 1
1 15543U 85010B   22200.95036542 0.00000000  00000-0  00000-0 0    05
2 15543  15.1799 328.1529 0125174  17.9552 342.4949  0.99809947    01
NOSS 7 (A)
1 16591U 86014A   22226.06028329 0.00008356  00000-0  48268-3 0    01
2 16591  63.2893 223.6879 0922420  84.8352 275.3086 13.58258703    04
NOSS 8 (A)
1 17997U 87043A   22225.91223900 0.00010738  00000-0  60095-3 0    09
2 17997  63.2639 149.9096 0934846  80.0780 279.7499 13.56405799    05
USA 32
1 19460U 88078A   22233.05471669 0.00000050  00000-0  18082-4 0    02
2 19460  84.9805 204.2774 0001486 304.6189  55.3810 14.33599204    04
Vortex 6
1 19976U 89035A   22200.93816218 0.00000000  00000-0  00000-0 0    04
2 19976   7.8313   6.0059 0942824 316.4895  36.4444  1.00270000    06
Magnum 2
1 20355U 89090B   22092.41923698 0.00000000  00000-0  00000-0 0    01
2 20355  17.9037 355.9471 0289390  71.7823 291.3584  1.00725476    01
USA 56
1 20560U 90031A   22198.95062277 0.00000200  00000-0  30211-4 0    02
2 20560  89.8464 288.1144 0065674 313.6630  46.3368 14.72914966    01
NOSS 2-1 (A)
1 20641U 90050A   21135.68504466 0.00000000  00000-0  00000-0 0    01
2 20641  63.4159  54.2029 4057524 264.9026  48.8690  6.02572029    09
NOSS 2-1 (E)
1 20642U 90050E   22229.11329288 0.00001500  00000-0  15904-3 0    00
2 20642  63.2949 330.2053 0917830  57.0533 302.9466 13.43776414    06
NOSS 2-1 (C)
1 20691U 90050C   22208.67665161 0.00003000  00000-0  32398-3 0    08
2 20691  63.3117  22.2135 0915816  59.1605 300.8395 13.43683514    08
NOSS 2-1 (D)
1 20692U 90050D   22234.06074841 0.00002000  00000-0  21863-3 0    04
2 20692  63.3140 315.9163 0913791  59.8699 300.1301 13.43760609    09
SDS 2-2
1 20963U 90097B   22058.65362887 0.00000000  00000-0  00000-0 0    00
2 20963  15.6557 347.2999 0011711 240.1320 119.7636  0.98581418    04
NOSS 2-2 (A)
1 21775U 91076A   21132.88647921 0.00000000  00000-0  00000-0 0    02
2 21775  63.3494 256.6406 3357954 270.9192  51.4926  5.53394512    02
NOSS 2-2 (C)
1 21799U 91076C   22235.04429447 0.00001628  00000-0  21681-3 0    00
2 21799  63.3153 234.2512 0892416  50.1058 309.8942 13.42491908    05
NOSS 2-2 (D)
1 21808U 91076D   22231.87025141 0.00001600  00000-0  21376-3 0    02
2 21808  63.3221 242.5288 0891714  49.8156 310.1844 13.42540124    09
NOSS 2-2 (E)
1 21809U 91076E   22235.03965857 0.00001675  00000-0  21909-3 0    06
2 21809  63.3192 230.9178 0894147  47.6031 312.2897 13.42664721    08
USA 81
1 21949U 92023A   22223.97217320 0.00000000  00000-0  00000-0 0    06
2 21949  85.0166 164.3169 0001885 103.7512 256.2274 14.31545708    00
USA 89 r
1 22519U 92086C   22196.93001659 0.00006416  00000-0  88636-3 0    01
2 22519  56.9122 142.9358 3089239 342.1416  17.9718  9.03915224    01
Alexis r
1 22639U 93026B   22226.99891586 0.00000075  00000-0  27293-4 0    03
2 22639  69.9306 297.9299 0066678 309.4716  50.4803 14.31890784    02
Trumpet 1
1 23097U 94026A   21122.40505123 0.00000000  00000-0  00000-0 0    03
2 23097  63.5798 345.3266 6980622 260.5731  20.7339  2.00618268    04
Mercury 1
1 23223U 94054A   22200.11639663 0.00000000  00000-0  00000-0 0    08
2 23223  12.5001  20.3798 0035167 104.7236 255.6785  1.00275883    09
Mentor 1
1 23567U 95022A   21017.39608889 0.00000000  00000-0  00000-0 0    06
2 23567  15.0919  25.6748 0031938  88.7635 271.6209  1.00270000    00
Helios 1A
1 23605U 95033A   22235.09321796 0.00001256  00000-0  12265-3 0    03
2 23605  98.2328  21.2349 0016021 328.6092  31.3904 14.92369382    08
Trumpet 2
1 23609U 95034A   21263.90735802 0.00000000  00000-0  00000-0 0    02
2 23609  62.9589 303.6938 7148248 272.2017  14.9974  2.00623020    07
Mercury 2
1 23855U 96026A   22172.08519704 0.00000000  00000-0  00000-0 0    07
2 23855   8.6421 353.5340 0382430 282.6635  73.0937  1.00270000    00
NOSS 2-3 (D)
1 23862U 96029D   22234.97716182 0.00000518  00000-0  15148-3 0    00
2 23862  63.3421 217.7199 0768128  30.7671 329.2105 13.41154392    09
NOSS 2-3 (A)
1 23893U 96029A   20135.09621808 0.00000000  00000-0  00000-0 0    09
2 23893  63.3075 174.1205 3391681 265.3687  55.8571  5.52855405    09
NOSS 2-3 (C)
1 23908U 96029C   22234.97913101 0.00000500  00000-0  14592-3 0    04
2 23908  63.3441 216.9050 0768385  29.9784 330.0216 13.41179788    08
NOSS 2-3 (E)
1 23936U 96029E   22234.93492925 0.00000460  00000-0  13376-3 0    01
2 23936  63.3442 216.6561 0768996  30.3006 329.6994 13.41195770    01
Trumpet 3
1 25034U 97068A   22058.95501692 0.00000000  00000-0  00000-0 0    01
2 25034  63.6025  85.5132 6265301 277.2229  82.7770  2.00654165    06
Mentor 2
1 25336U 98029A   22059.61201401 0.00000000  00000-0  00000-0 0    03
2 25336   8.0161 351.8290 0042028 306.1907  53.8093  1.00270047    06
DSP F19
1 25669U 99017A   20175.07459852 0.00000000  00000-0  00000-0 0    02
2 25669  29.1779  97.4977 7107905  13.2182 358.7659  2.32916611    08
Milstar 3
1 25724U 99023A   22196.91872303 0.00000000  00000-0  00000-0 0    09
2 25724  28.2245 169.4815 2129399  16.8482 343.1513  9.37466618    03
USA 144 Deb
1 25746U 99028C   22176.20477287 0.00000000  00000-0  00000-0 0    00
2 25746  63.4393  82.1775 0271822 304.1075  55.7676  9.70041771    08
SDS 3-1
1 26635U 00080A   21013.46269075 0.00000000  00000-0  00000-0 0    09
2 26635   9.2857  29.8038 0014383 186.3086 173.6859  1.00273100    09
Sicral 1
1 26694U 01005A   22200.15343710 0.00000000  00000-0  00000-0 0    06
2 26694  10.1040  39.7940 0008866  92.4046 267.7090  0.98740179    06
GeoLITE
1 26770U 01020A   20185.07413062 0.00000000  00000-0  00000-0 0    07
2 26770   7.9176  43.1250 0016202  49.2544 310.8983  0.98833351    00
NOSS 3-1 (A)
1 26905U 01040A   22235.01535235 0.00000000  00000-0  00000-0 0    08
2 26905  63.3939 231.7188 0541812   3.9316 356.0684 13.40832373    06
NOSS 3-1 r
1 26906U 01040B   22234.79484619 0.00000120  00000-0  93242-4 0    09
2 26906  63.4367 153.5730 0512994 339.4381  20.5619 13.44138294    01
NOSS 3-1 (C)
1 26907U 01040C   22234.98372834 0.00000000  00000-0  00000-0 0    09
2 26907  63.3928 222.3578 0538236   4.4904 355.5096 13.41375300    04
SDS 3-2
1 26948U 01046A   20176.08831180 0.00000000  00000-0  00000-0 0    08
2 26948  10.8530  44.4700 0002091 202.0297 157.9381  1.00270000    05
Ofeq 5
1 27434U 02025A   21201.80406023 0.00001500  00000-0  78233-4 0    04
2 27434 143.4199 359.9934 0015230  99.7915 260.2076 15.14954803    09
Mentor 3
1 27937U 03041A   22200.11617484 0.00000000  00000-0  00000-0 0    07
2 27937  12.6693  46.8283 0047312 232.3474 127.2313  1.00270000    09
NOSS 3-2 (A)
1 28095U 03054A   22234.80554573 0.00000040  00000-0  36729-4 0    04
2 28095  63.4025 152.5306 0475352   1.1720 358.8280 13.41441510    03
NOSS 3-2 r
1 28096U 03054B   22235.07794893 0.00000000  00000-0  00000-0 0    01
2 28096  63.6824 314.9191 0177154 200.3702 159.6220 13.40892410    00
NOSS 3-2 (C)
1 28097U 03054C   22234.86092394 0.00000000  00000-0  00000-0 0    05
2 28097  63.3946 162.1549 0479282   1.1478 358.8522 13.40804759    04
USA 179
1 28384U 04034A   22059.76923079 0.00001374  00000-0  00000-0 0    05
2 28384  63.9653  85.1266 7348903 266.2221  15.3275  2.00657329    09
Essaim 1
1 28494U 04049C   21152.03966436 0.00000300  00000-0  40848-4 0    06
2 28494  98.2599 295.4062 0002689  29.9224 330.0775 14.78808359    00
Essaim 2
1 28495U 04049D   21122.02442951 0.00000000  00000-0  00000-0 0    03
2 28495  98.1879 250.8160 0013796 285.3923  74.4599 14.79077118    05
Essaim 3
1 28496U 04049E   20231.11975757 0.00000060  00000-0  74389-5 0    01
2 28496  98.2716  34.9930 0005002  84.9144 275.0854 14.82736444    03
Essaim 4
1 28497U 04049F   15200.12166197 0.00000300  00000-0  38805-4 0    02
2 28497  98.2951 263.0755 0003500  45.4013 314.5985 14.80969146    02
NOSS 3-3 (A)
1 28537U 05004A   22196.84334980 0.00000000  00000-0  00000-0 0    06
2 28537  63.4017 134.5512 0436824 359.8140   0.1860 13.40832240    08
NOSS 3-3 r
1 28538U 05004B   22230.98629957 0.00000000  00000-0  00000-0 0    02
2 28538  63.8252 215.4075 0163238 338.0328  22.0104 13.43167715    05
NOSS 3-3 (C)
1 28541U 05004C   22196.84343323 0.00000000  00000-0  00000-0 0    02
2 28541  63.4057 134.7740 0436183 359.5155   0.4845 13.40833034    01
Mitex 1
1 29240U 06024A   20325.96379736 0.00000000  00000-0  00000-0 0    04
2 29240   3.3971  78.9809 0011182 212.0649 147.8793  0.98608484    06
Mitex 2
1 29241U 06024B   20265.09803805 0.00000000  00000-0  00000-0 0    01
2 29241   7.9177  51.8392 0007924  81.4875 278.6143  0.98859265    07
Mitex 1 r
1 29242U 06024C   21151.37290446 0.00000000  00000-0  00000-0 0    09
2 29242   9.6761  33.8220 0004388 113.8267 246.2314  1.04030032    04
USA 184
1 29249U 06027A   22059.83709491 0.00000000  00000-0  00000-0 0    03
2 29249  63.1570  83.0780 7089100 271.7780  15.5825  2.00608102    08
SAR Lupe 1
1 29658U 06060A   22232.92760050 0.00004000  00000-0  14609-3 0    02
2 29658  98.1018 122.2494 0005209  18.4297 341.5701 15.28131220    06
Ofeq 7
1 31601U 07025A   21276.14299526 0.00004800  00000-0  16540-3 0    05
2 31601 141.7093 180.6944 0005498 249.2591 110.7401 15.29099636    02
NOSS 3-4 (A)
1 31701U 07027A   22235.00832242 0.00000000  00000-0  00000-0 0    06
2 31701  63.4085 292.9292 0360346  19.0775 340.9225 13.40833463    06
NOSS 3-4 r
1 31702U 07027B   22221.86176201 0.00003000  00000-0  39129-3 0    02
2 31702  63.3218 132.7856 0496934  23.7866 336.2134 14.20007747    01
NOSS 3-4 (C)
1 31708U 07027C   22235.00835828 0.00000000  00000-0  00000-0 0    06
2 31708  63.3999 293.0621 0344167  20.7298 339.2702 13.40832965    03
SAR Lupe 2
1 31797U 07030A   22231.08821299 0.00000000  00000-0  00000-0 0    09
2 31797  98.1366 181.0978 0001001 170.8358 189.1641 15.28071921    06
SAR Lupe 3
1 32283U 07053A   21100.13841844 0.00000000  00000-0  00000-0 0    03
2 32283  98.1620  65.2117 0006000 131.6881 228.3118 15.27470291    05
DSP F23
1 32287U 07054A   22059.59897852 0.00000000  00000-0  00000-0 0    02
2 32287   7.4919  61.5637 0007819 230.0498 130.1018  1.00372228    02
SDS 3F5
1 32378U 07060A   21081.54899631 0.00000000  00000-0  00000-0 0    06
2 32378  63.3828  20.4861 7426773 270.5791  13.3723  2.00665004    05
TecSar
1 32476U 08002A   22070.79847069 0.00000000  00000-0  00000-0 0    06
2 32476  41.0218  13.7640 0002000 211.4336 148.5658 15.15820573    07
USA 200
1 32706U 08010A   20355.39449673 0.00000000  00000-0  00000-0 0    00
2 32706  63.2143 195.6946 6711491 270.6554  18.7790  2.00603399    01
SAR Lupe 4
1 32750U 08014A   22228.92042978 0.00005482  00000-0  19984-3 0    03
2 32750  98.0827 118.9097 0002883  57.3670 302.6619 15.28203087    00
SAR Lupe 5
1 33244U 08036A   21103.09810751 0.00000700  00000-0  26081-4 0    02
2 33244  98.1895  69.4035 0002996 227.7783 132.2215 15.27481668    01
Mentor 4
1 33490U 09001A   22200.14984124 0.00000000  00000-0  00000-0 0    01
2 33490   6.7645  35.0269 0015892 313.6625  46.2093  1.00270000    09
Sicral 1B
1 34810U 09020A   22200.62300898 0.00000000  00000-0  00000-0 0    02
2 34810   0.0350 173.3946 0003455 141.8802 218.1605  1.00270000    03
STSS-ATRR
1 34903U 09023A   22232.95868868 0.00000010  00000-0  60316-5 0    07
2 34903  98.9236 330.2839 0009351 351.0803   8.9196 14.06661549    09
PAN
1 35815U 09047A   22200.43063234 0.00000000  00000-0  00000-0 0    06
2 35815   0.0910 154.1283 0019580  23.3056 336.6944  1.00282292    01
STSS Demo 1
1 35937U 09052A   22179.88524946 0.00000000  00000-0  00000-0 0    03
2 35937  57.9912  89.7625 0008358 122.0209 237.9791 12.83487954    08
STSS Demo 2
1 35938U 09052B   22183.21658253 0.00000000  00000-0  00000-0 0    05
2 35938  57.9904  91.0236 0013994 171.5820 188.4180 12.74795840    02
IGS 5A
1 36104U 09066A   22212.79307028 0.00001000  00000-0  92657-4 0    07
2 36104  97.4900 254.7054 0003346  33.1137 326.8862 14.94549509    01
IGS 5A r
1 36105U 09066B   22091.15461159 0.00006500  00000-0  32257-3 0    08
2 36105  97.3261  77.7070 0032626  15.3746 344.6253 15.17269400    00
Helios 2B r
1 36125U 09073B   22234.84618388 0.00000200  00000-0  28045-4 0    03
2 36125  98.0961 309.6889 0025192 357.2352   2.7646 14.77337636    03
Ofeq 9
1 36608U 10031A   21293.72078527 0.00004500  00000-0  15910-3 0    04
2 36608 141.7312  41.6238 0001996 270.7126  89.2867 15.28276569    09
FIA Radar 1
1 37162U 10046A   22208.67227616 0.00000080  00000-0  14322-3 0    07
2 37162 123.0043 207.7860 0006249 102.8484 257.1515 13.41442314    05
STPSat 2
1 37222U 10062A   22196.88724527 0.00000300  00000-0  40656-4 0    09
2 37222  71.9694  99.8491 0018822 275.3124  84.7963 14.78765317    05
STPSat 2 r
1 37228U 10062G   22190.92624272 0.00000300  00000-0  39896-4 0    04
2 37228  71.9693 105.5469 0023218 246.4236 113.5764 14.79495283    01
STPSat 2 HAPS
1 37229U 10062H   22232.81204792 0.00000030  00000-0  11544-3 0    00
2 37229  72.0051 130.3737 0137994  42.6073 317.3926 12.86619202    07
Mentor 5
1 37232U 10063A   21250.10315226 0.00000000  00000-0  00000-0 0    00
2 37232   5.1064 118.9826 0034205 182.3602 177.6368  1.00270000    04
USA 224
1 37348U 11002A   22221.99742264 0.00038669  00000-0  23180-3 0    03
2 37348  98.0456 354.1220 0382559 178.8340 181.3367 15.18127660    05
USA 225
1 37364U 11006A   22179.89878750 0.00000000  00000-0  00000-0 0    07
2 37364  90.1637  64.7658 0019235 117.4818 242.3351 13.11794307    03
USA 225 r
1 37365U 11006B   22171.90085755 0.00000000  00000-0  00000-0 0    07
2 37365  90.1502  68.8436 0002000 177.4723 182.5276 13.11880883    03
USA 227
1 37377U 11011A   20326.25967526 0.00000000  00000-0  00000-0 0    09
2 37377   4.5546  13.0960 0003840 170.4802 189.5411  1.00270000    08
NOSS 3-5 (A)
1 37386U 11014A   22235.07167409 0.00000000  00000-0  00000-0 0    05
2 37386  63.4328 237.3400 0237545 357.6972   2.3142 13.40840156    03
NOSS 3-5 (B)
1 37391U 11014B   22235.07158951 0.00000000  00000-0  00000-0 0    03
2 37391  63.4337 237.1330 0237520 357.6189   2.3958 13.40840216    04
IGS 6
1 37813U 11050A   22230.99928299 0.00001000  00000-0  91643-4 0    06
2 37813  97.8908 357.8000 0000752 253.0722 106.9277 14.94983861    08
IGS 6 r
1 37814U 11050B   22232.87445663 0.00003188  00000-0  17683-3 0    05
2 37814  97.8021 113.7857 0008448 142.1667 217.8605 15.13787775    05
IGS 7
1 37954U 11075A   22232.86716917 0.00000000  00000-0  00000-0 0    01
2 37954  97.4932 308.1745 0001724  58.2940 301.7058 15.17616736    01
Elisa W11
1 38007U 11076A   22092.83241275 0.00000450  00000-0  84948-4 0    09
2 38007  97.8345 127.0719 0001362  21.7646 338.2352 14.64551157    06
Elisa E24
1 38008U 11076B   21093.83208745 0.00000110  00000-0  20462-4 0    09
2 38008  97.8636 142.1871 0004562 316.0746  43.9253 14.65204622    06
Elisa W23
1 38009U 11076C   22108.82314726 0.00000800  00000-0  12629-3 0    05
2 38009  97.8256 144.5091 0001377 298.8248  61.1751 14.72462885    00
Elisa E12
1 38010U 11076D   21093.83224306 0.00000110  00000-0  20462-4 0    03
2 38010  97.8590 142.1810 0004604 315.8794  44.1205 14.65204385    04
FIA Radar 2
1 38109U 12014A   22235.12926942 0.00000000  00000-0  00000-0 0    01
2 38109 122.9995 109.6354 0003006  52.5890 307.4109 13.41432182    09
USA 236
1 38466U 12033A   22058.91812397 0.00000000  00000-0  00000-0 0    06
2 38466   3.9720 104.2176 0007890 163.1872 196.8128  1.00270000    08
Mentor 6
1 38528U 12034A   22200.21246634 0.00000000  00000-0  00000-0 0    03
2 38528   3.9927  68.9931 0039161   6.8850 353.1946  1.00270000    02
NOSS 3-6 (A)
1 38758U 12048A   22232.85849378 0.00000000  00000-0  00000-0 0    02
2 38758  63.4297 168.5610 0192823 359.1284   0.8716 13.40833343    02
NOSS 3-6 r
1 38770U 12048N   22234.88384897 0.00003739  00000-0  21206-3 0    07
2 38770  64.6487 164.4663 0171467 248.8696 111.0060 15.00999459    01
NOSS 3-6 (P)
1 38773U 12048P   22232.85841112 0.00000000  00000-0  00000-0 0    07
2 38773  63.4283 168.3822 0194345 359.0222   0.9778 13.40833000    08
IGS 8A
1 39061U 13002A   22227.02520062 0.00000000  00000-0  00000-0 0    00
2 39061  97.5121 347.3921 0002513 241.6374 118.3625 15.17601585    08
USA 245
1 39232U 13043A   22233.88592809 0.00016000  00000-0  15455-3 0    04
2 39232  97.9298 296.1525 0509774 326.9490  33.0509 14.82751717    03
FIA Radar 3
1 39462U 13072A   22234.86811468 0.00000000  00000-0  00000-0 0    05
2 39462 122.9992  18.4199 0003151 112.2358 247.7642 13.41433470    06
FIA Radar 3 r
1 39475U 13072P   22235.03499751 0.00001867  00000-0  18082-3 0    00
2 39475 120.4564  64.1412 0250756 281.3442  78.6062 14.71620770    03
Ofeq 10
1 39650U 14019A   22195.10156105 0.00000000  00000-0  00000-0 0    09
2 39650 140.8866  95.8796 0005000 112.3385 247.6608 15.16856924    00
USA 250
1 39652U 14020A   22200.08263793 0.00000000  00000-0  00000-0 0    09
2 39652   2.1052  48.3381 0015835  82.5400 277.6605  1.00270000    08
USA 252
1 39751U 14027A   20169.22222530 0.00000000  00000-0  00000-0 0    08
2 39751   2.7245 155.9004 0003771 352.9836   7.0117  1.00270000    01
CLIO
1 40208U 14055A   20180.20928624 0.00000000  00000-0  00000-0 0    06
2 40208   0.0961 120.8977 0014997 230.4577 129.3781  1.00281279    05
USA 259
1 40344U 14081A   22179.92576680 0.00000000  00000-0  00000-0 0    06
2 40344  63.2115 233.1918 6837574 271.4435  17.7233  2.00615000    05
IGS 9
1 40381U 15004A   22232.87530838 0.00000000  00000-0  00000-0 0    02
2 40381  97.3374 303.2992 0004826 115.0986 244.9012 15.27639330    00
IGS 9 r
1 40382U 15004B   22128.08418864 0.00066000  00000-0  72403-3 0    05
2 40382  96.9149 163.5472 0003974 312.5485  47.4514 15.63214118    03
IGS Opt 5
1 40538U 15015A   22202.81575957 0.00004400  00000-0  21409-3 0    07
2 40538  97.5695 274.4224 0019563 224.2371 135.7628 15.18265603    02
IGS Opt 5 r
1 40539U 15015B   22111.10226990 0.00050000  00000-0  67914-3 0    07
2 40539  97.5521 272.8728 0008525 307.1271  52.8133 15.57565570    07
Sicral 2
1 40614U 15022B   22200.29431623 0.00000000  00000-0  00000-0 0    04
2 40614   0.0170  80.1026 0005459 258.2372 101.7091  1.00270000    03
NOSS 3-7 (A)
1 40964U 15058A   22190.97257195 0.00000000  00000-0  00000-0 0    04
2 40964  63.4377 136.5069 0081198   3.0583 356.9417 13.40827954    09
NOSS 3-7 r
1 40978U 15058Q   22232.91256937 0.00001326  00000-0  11899-3 0    06
2 40978  64.7715 175.8892 0186769 180.8009 179.1763 14.83059126    06
NOSS 3-7 (R)
1 40981U 15058R   22190.97265482 0.00000000  00000-0  00000-0 0    01
2 40981  63.4418 136.6851 0083126   2.1278 357.8722 13.40829994    03
FIA Radar 4
1 41334U 16010A   22199.02170228 0.00000000  00000-0  00000-0 0    01
2 41334 122.9994  87.7592 0002633  95.0677 264.9322 13.41436467    06
Mentor 7
1 41584U 16036A   21250.72513855 0.00000000  00000-0  00000-0 0    07
2 41584   6.3093 353.0682 0049199  54.7537 305.7280  1.00270000    00
USA 269
1 41724U 16047A   22059.57668685 0.00000000  00000-0  00000-0 0    08
2 41724   2.4820 355.9627 0002430 328.2287  31.7713  1.00270000    06
Ofeq 11
1 41759U 16056A   22198.08639823 0.00004500  00000-0  22925-3 0    00
2 41759 141.7182  98.5023 0010555 220.5048 139.4944 15.15871302    03
DSN 2
1 41940U 17005A   20259.52607417 0.00000000  00000-0  00000-0 0    04
2 41940   0.0250 277.3055 0004000  57.1737 302.8575  1.00270000    00
DSN 2 r
1 41941U 17005B   20186.22457257 0.00000400  00000-0  35639-3 0    09
2 41941  20.6708 149.4842 7232345 332.3714  27.6283  2.30691539    01
NOSS 3-8 (A)
1 42058U 17011A   22230.84989120 0.00000000  00000-0  00000-0 0    02
2 42058  63.4265 112.0207 0053215  10.3454 349.5824 13.40835713    03
NOSS 3-8 (B)
1 42065U 17011B   22230.84980780 0.00000000  00000-0  00000-0 0    03
2 42065  63.4245 111.8055 0054824  10.6109 349.3079 13.40835679    05
IGS Radar 5
1 42072U 17015A   22234.84572869 0.00000000  00000-0  00000-0 0    04
2 42072  97.3744 304.9875 0001716  16.6963 343.3036 15.25979926    00
IGS Radar 5 r
1 42073U 17015B   22056.21964136 0.00008000  00000-0  26872-3 0    06
2 42073  97.0113  63.6179 0011092  72.0382 287.9617 15.30821462    08
USA 276
1 42689U 17022A   22193.82779864 0.00018000  00000-0  16528-3 0    06
2 42689  49.9967 119.2555 0002172 113.0682 246.9316 15.66976839    07
Optsat 3000
1 42900U 17044A   22234.82581327 0.00003000  00000-0  10311-3 0    05
2 42900  97.3406 296.5470 0006244 117.2952 242.7046 15.30116160    01
USA 278
1 42941U 17056A   22059.64722120 0.00000000  00000-0  00000-0 0    04
2 42941  63.4519 325.7473 7170680 267.7174  92.2825  2.00619834    05
USA 279
1 42949U 17066A   21249.71417234 0.00000000  00000-0  00000-0 0    08
2 42949   2.8159 335.1754 0003938 138.6479 221.3984  1.00270000    03
USA 281
1 43145U 18005A   22230.86598424 0.00000000  00000-0  00000-0 0    09
2 43145 106.0022 283.1371 0012896 197.4758 162.5241 13.48041325    04
GovSat 1
1 43178U 18013A   22200.85013117 0.00000000  00000-0  00000-0 0    01
2 43178   0.0050 265.0735 0001000 208.5813 151.4187  1.00270000    03
IGS Opt 6
1 43223U 18021A   22228.98393326 0.00000000  00000-0  00000-0 0    08
2 43223  97.3539 348.0220 0002363  22.0899 337.9100 15.27648835    07
IGS Opt 6 r
1 43224U 18021B   22232.92126535 0.00005600  00000-0  19374-3 0    02
2 43224  97.2626 326.0524 0011177  17.7839 342.2160 15.29861028    03
EAGLE
1 43340U 18036B   20173.78783517 0.00000000  00000-0  00000-0 0    04
2 43340   1.0720  93.3151 0002630  18.6158 341.3842  0.99183136    03
USA 287
1 43465U 18036G   19350.26980955 0.00000000  00000-0  00000-0 0    05
2 43465   0.5829  96.2443 0000515 331.1216  20.0587  0.99175680    01
IGS Radar 6
1 43495U 18052A   22223.97057442 0.00000000  00000-0  00000-0 0    03
2 43495  97.3711 339.2438 0000744 247.3433 112.6565 15.25981792    03
IGS Radar 6 r
1 43496U 18052B   22232.92885362 0.00010000  00000-0  30313-3 0    03
2 43496  97.2300 322.8424 0014303  18.4098 341.5901 15.34060786    08
CSO 1
1 43866U 18106A   22226.03591051 0.00000000  00000-0  00000-0 0    04
2 43866  98.6372 164.9315 0004401 167.7332 192.2667 14.26736548    00
USA 290
1 43941U 19004A   22200.83371815 0.00011000  00000-0  16592-3 0    08
2 43941  73.5800 106.1577 0009221 335.2763  24.7236 15.54591024    06
USA 294
1 45110U 20007A   22231.11828161 0.00010000  00000-0  78019-3 0    00
2 45110  69.9849 337.8078 0005290 348.5813  11.4186 15.01046812    01
USA 294 r
1 45111U 20007B   22183.90798232 0.00001997  00000-0  16490-3 0    09
2 45111  69.9836  91.0896 0015907  61.9984 297.9246 14.98779822    03
IGS Opt 7
1 45165U 20009A   22233.88037018 0.00000000  00000-0  00000-0 0    02
2 45165  97.3462 307.6901 0003385  74.2659 285.7340 15.27647873    01
IGS Opt 7 r
1 45166U 20009B   22231.84502580 0.00005700  00000-0  19223-3 0    00
2 45166  97.0749 278.7433 0013102 319.7768  40.2231 15.30667712    02
OTV 6
1 45606U 20029A   22233.81154284 0.00000000  00000-0  00000-0 0    02
2 45606  45.0145 219.8953 0010612 344.0862  15.9133 15.78183395    08
Ofeq 16
1 45860U 20044A   21170.84338071 0.00005204  00000-0  89670-4 0    06
2 45860 141.0970 334.1195 0173084 298.0402  61.9372 15.35051197    06
USA 305
1 45873U 20046A   22233.85238650 0.00012500  00000-0  82810-3 0    01
2 45873  53.9758 187.5194 0006906 186.4895 173.5104 15.06822642    00
USA 306
1 45874U 20046B   22233.88426814 0.00013000  00000-0  86232-3 0    04
2 45874  53.9772 187.8806 0007147 183.8286 176.1713 15.06774047    03
USA 307
1 45875U 20046C   22232.86318007 0.00013000  00000-0  87891-3 0    08
2 45875  53.9798 194.7958 0004052 153.7840 206.2159 15.06083933    07
USA 308
1 45876U 20046D   22234.80979881 0.00012500  00000-0  84483-3 0    06
2 45876  53.9768 186.3740 0006796 172.9424 187.0575 15.06083130    06
USA 310
1 46918U 20083A   21038.63883881 0.00000000  00000-0  00000-0 0    03
2 46918  58.5275 281.1331 0006695 276.4323  83.5677  3.76163394    02
USA 310 r
1 46919U 20083B   22065.06502030 0.00000000  00000-0  00000-0 0    06
2 46919  58.6434 215.5281 0141966 140.1026 219.8974  3.86389205    00
Mentor 8
1 47237U 20095A   22200.86870921 0.00000000  00000-0  00000-0 0    09
2 47237   6.6761 301.0972 0050027 178.8951 181.1724  1.00270000    00
Mentor 8 r
1 47238U 20095B   21081.32805315 0.00000000  00000-0  00000-0 0    02
2 47238   7.7342 305.8601 0265715 335.1925  23.5533  0.95075034    00
USA 312
1 47294U 20101A   22193.88253866 0.00004800  00000-0  25371-3 0    09
2 47294  52.9982 123.9893 0009385 226.0149 133.9850 15.14938514    07
USA 313
1 47295U 20101B   22193.88402754 0.00003700  00000-0  19553-3 0    05
2 47295  52.9973 123.9513 0011661 224.8253 135.1746 15.14923904    04
CSO 2
1 47305U 20104A   22235.07559202 0.00000000  00000-0  00000-0 0    03
2 47305  97.3540 174.7386 0002172  69.7882 290.2117 15.26908150    06
USA 314
1 48247U 21032A   22232.95452952 0.00000187  00000-0  25534-4 0    07
2 48247  97.9980 345.1430 0159180 348.6762  11.3246 14.70196721    04
USA 316-318 r
1 48849U 21052D   22232.94910417 0.00000650  00000-0  65655-4 0    04
2 48849  54.9879 246.7942 0009598 194.3497 165.6502 14.90607633    03
Ceres 1
1 49464U 21105A   22233.11399186 0.00000260  00000-0  46812-4 0    02
2 49464  74.9966   3.3882 0000744 242.6252 117.3747 14.66595921    00
Ceres 2
1 49465U 21105B   22179.90535987 0.00000340  00000-0  61250-4 0    02
2 49465  75.0158  97.3836 0003300 207.1936 152.8063 14.66568184    00
Ceres 3
1 49466U 21105C   22208.69267051 0.00000280  00000-0  50428-4 0    04
2 49466  75.0041  47.7194 0000543 329.2132  30.7868 14.66583544    02
GSSAP 5 r
1 51282U 22006C   22051.60798349  .00000000  00000-0  00000-0 0    07
2 51282   0.4730  79.4592 0260829 348.9744  10.4654  0.95006981   138
USA 326
1 51445U 22009A   22234.92533035 0.00003700  00000-0  16624-3 0    00
2 51445  97.4017 332.6911 0020063 302.5084  57.4915 15.21006367    09
USA 327
1 52259U 22040A   22233.82941419 0.00000000  00000-0  00000-0 0    04
2 52259  63.4441 163.6527 0122616 178.1975 181.7343 13.40802459    06
Sarah 1
1 52887U 22063A   22170.35574764 -.00000043  00000-0  00000-0 0  9994
2 52887  98.3978 177.5131 0005597 129.0524 346.0269 14.43478928   639
USA 328
1 52889U 22064B   22190.91650356 0.00003700  00000-0  20245-3 0    04
2 52889  53.0003 137.6825 0009404 340.2315  19.7684 15.13711886    08
USA 329
1 52890U 22064C   22190.91638434 0.00003500  00000-0  19142-3 0    01
2 52890  53.0010 137.7530 0004226  33.0772 326.9227 15.13758882    06
USA 329
1 52890U 22064C   22173.02278172 0.00000889  00000-0  48816-4 0    01
2 52890  53.0020 219.0447 0008904 282.2135  77.7858 15.13589477    09
USA 330
1 52891U 22064D   22190.91778618 0.00004000  00000-0  21928-3 0    02
2 52891  52.9988 137.7116 0007645 355.9073   4.0926 15.13657281    08
USA 331
1 52892U 22064E   22186.95834751 0.00000000  00000-0  00000-0 0    04
2 52892  53.0012 155.7350 0002758 149.5300 210.4699 15.13402344    07
USA 328 Dspnsr
1 52893U 22064F   22190.91960203 0.00003400  00000-0  18756-3 0    05
2 52893  52.9995 137.7400 0009214 355.7727   4.2272 15.13422202    01
Prowler
1 90007U 90097E   21305.13119867 0.00000000  00000-0  00000-0 0    01
2 90007  14.4403 350.3137 0040735 245.2740 114.3135  1.00206833    00
Unknown 110623
1 90087U 11674A   22126.96977913 0.00000000  00000-0  00000-0 0    00
2 90087  27.7135  76.0399 7316208 196.3524 113.1553  2.00922270    05
ISON 69200
1 90093U 14576A   22058.87799945 0.00001274  00000-0  71463-1 0    08
2 90093   2.7551 132.0325 7217696 258.1826  19.7848  2.08406809    03
ISON 37600
1 90097U 14792A   20154.20197802 0.00008046  00000-0  41060-0 0    01
2 90097   4.8700 135.1943 5523492 351.4572   8.5424  4.04496582    04
ISON 59600
1 90101U 14817A   19365.27561034 0.00000000  00000-0  00000-0 0    07
2 90101  10.4255 292.5894 7001863 183.3879 166.9186  2.42755887    08
ISON 64800
1 90103U 14820A   20022.72146155 0.00000000  00000-0  00000-0 0    08
2 90103  62.6141 291.4626 7016348 257.8593  21.8527  2.21905403    04
ISON 68600
1 90107U 14844B   20072.27649246 0.00000000  00000-0  00000-0 0    02
2 90107   6.7140  44.2914 6233160 217.8821 142.1178  2.09780463    04
ISON 54102
1 90109U 15523A   20139.85329861 0.00000000  00000-0  00000-0 0    05
2 90109   9.9240  47.4020 6742260 109.0070 330.8240  2.86246066    06
ISON 60601
1 90111U 15607A   20160.08305149 0.00000000  00000-0  00000-0 0    03
2 90111  10.8871  42.6214 6999149 318.4457   5.6469  2.37824509    07
ISON 62200
1 90112U 15614A   22020.25884161 0.00000600  00000-0  59892-3 0    06
2 90112   5.4267 220.0739 7204201  32.3358 327.6360  2.33727985    05
ISON 51100
1 90116U 16697A   20180.29206391 0.00000100  00000-0  24880-2 0    07
2 90116   3.9783 314.0046 6634896 135.8229 302.3630  2.81037479    07
Unknown 050612
1 96031U 96531A   20179.66974235 0.00000000  00000-0  00000-0 0    07
2 96031   1.9154 317.2489 0224571 291.6122  65.9504  1.01888370    04
Unknown 100202
1 96041U 96541A   22059.31895313 0.00000000  00000-0  00000-0 0    09
2 96041  10.4720 314.4908 0053083 343.3525  16.4858  1.00291511    01
Unknown 050403
1 96058U 96558A   20175.87969440 0.00000000  00000-0  00000-0 0    06
2 96058  14.5739 322.6499 0038002  15.9706 344.1740  0.94322543    00
Ekran 5 (deb G
1 96137U 80060G   20171.64614795 0.00000000  00000-0  00000-0 0    06
2 96137  10.5834 309.1333 0011898 290.1602  69.6798  1.00313318    03
Essaim Cand 3
1 99615U 22543A   22113.81146899 0.00001200  00000-0  13539-3 0    01
2 99615  98.3405 320.9556 0001783 147.5282 212.4717 14.86634790    01
Essaim Cand 1
1 99631U 22576A   22230.82983008 0.00001030  00000-0  12674-3 0    07
2 99631  97.8119 270.2875 0001204  50.3961 309.6038 14.83062323    08
Essaim Cand 4
1 99635U 22582A   22082.10325898 0.00000000  00000-0  00000-0 0    04
2 99635  97.8546 239.9541 0001384  28.5637 331.4361 14.92258909    03
Essaim Cand 2
1 99636U 22582B   22230.82587000 0.00001130  00000-0  13292-3 0    09
2 99636  97.8124 271.5819 0000658 218.9344 141.0654 14.84928478    05
USA 316
1 99651U 21052A   22173.95636266 0.00000000  00000-0  00000-0 0    01
2 99651  54.9907 132.4092 0011000  49.6640 310.3359 14.91174065    00
USA 317
1 99652U 21052B   22171.97328862 0.00000000  00000-0  00000-0 0    02
2 99652  54.9955 140.6732 0001000   0.0000 117.6347 14.90843515    03
USA 318
1 99653U 21052C   22171.97335863 0.00000000  00000-0  00000-0 0    02
2 99653  54.9936 140.5944 0001000   0.0000 117.7150 14.90843567    07
Essaim Cand 6
1 99661U 22674A   22193.04883571 0.00000570  00000-0  76218-4 0    08
2 99661  98.3270 339.3283 0006693 295.6325  64.2820 14.79559862    07
Unknown 99672
1 99672U 22722A   22222.09640267 0.00000000  00000-0  00000-0 0    05
2 99672  70.0000 331.2222 0001000 311.6710  48.3290 14.95190221    07
Unknown 99673
1 99673U 22725A   22225.11563971 0.00000000  00000-0  00000-0 0    01
2 99673  70.0000 346.1602 0001000 311.6710  48.3290 14.55190221    01
Unknown 99674
1 99674U 22725B   22233.09055527 0.00003779  00000-0  52449-3 0    04
2 99674  70.0130 328.6799 0006413  13.6849 346.3150 14.77834282    05
Unknown 99677
1 99677U 22733A   22233.09202981 0.00000000  00000-0  00000-0 0    01
2 99677  70.0130 328.6949 0006413  13.6849 346.3150 14.77834282    05
