AO-07
1 07530U 74089B   22230.68884579 -.00000029  00000-0  10934-3 0  9999
2 07530 101.9094 210.7662 0011866 283.7903 249.4868 12.53656352185507
UO-11
1 14781U 84021B   22230.49592454  .00000702  00000-0  90852-4 0  9994
2 14781  97.6217 215.1182 0009839 113.6160 246.6089 14.83758524 49243
LO-19
1 20442U 90005G   22230.72946307  .00000099  00000-0  52724-4 0  9995
2 20442  98.7990 196.5585 0011603 351.8297   8.2696 14.33078031702089
HUBBLE
1 20580U 90037B   22230.41126039  .00002326  00000-0  12584-3 0  9995
2 20580  28.4698 118.1959 0002504 346.4162 177.8081 15.10772327575593
MET-2/21
1 22782U 93055A   22230.39194039  .00000029  00000-0  12655-4 0  9994
2 22782  82.5519 325.0804 0022594 170.5277 258.9764 13.83855923462848
AO-27
1 22825U 93061C   22230.35988646  .00000047  00000-0  36161-4 0  9998
2 22825  98.8838 262.6955 0007642 226.2033 133.8517 14.30186226507000
IO-26
1 22826U 93061D   22230.36810885  .00000060  00000-0  40874-4 0  9990
2 22826  98.8782 262.5793 0008374 211.8571 148.2105 14.30533865507512
FO-29
1 24278U 96046B   22230.84167365 -.00000030  00000-0  20874-5 0  9997
2 24278  98.5155 245.9486 0351263 121.3398 242.2623 13.53118888284295
NOAA-15
1 25338U 98030A   22230.86109119  .00000147  00000-0  79433-4 0  9997
2 25338  98.6412 259.5709 0011499 113.6890 246.5498 14.26162496262168
GO-32
1 25397U 98043D   22230.48250578  .00000039  00000-0  36637-4 0  9999
2 25397  98.8213 181.1271 0000499 350.3519   9.7649 14.23766134252256
ISS
1 25544U 98067A   22230.93505244  .00004937  00000-0  93709-4 0  9996
2 25544  51.6434  25.7288 0005501 134.7627 332.5275 15.50223534354917
NO-44
1 26931U 01043C   22230.52838536  .00000033  00000-0  44169-4 0  9992
2 26931  67.0493 258.1703 0006786 257.5333 102.5009 14.30724632 90281
SO-50
1 27607U 02058C   22230.37711146  .00000511  00000-0  90436-4 0  9999
2 27607  64.5546 112.3959 0080809 282.5590  76.6483 14.76205078 57512
CO-55
1 27844U 03031E   22230.81815826  .00000201  00000-0  10968-3 0  9990
2 27844  98.6797 237.5648 0008657 283.7238  76.2976 14.22481216992779
CO-57
1 27848U 03031J   22230.44883225  .00000169  00000-0  96211-4 0  9990
2 27848  98.6842 237.7077 0008680 300.9189  59.1135 14.22034451992496
RS-22
1 27939U 03042A   22230.79049711  .00000551  00000-0  10614-3 0  9992
2 27939  98.2011  11.5242 0013070  17.4308 342.7353 14.67428368 10188
NOAA-18
1 28654U 05018A   22230.81382756  .00000141  00000-0  10004-3 0  9992
2 28654  98.9456 301.1909 0014899 151.9919 208.2058 14.12765763888873
CO-58
1 28895U 05043F   22230.35615736  .00000804  00000-0  16075-3 0  9993
2 28895  98.1143   0.8093 0015504 309.3332  50.6496 14.64430692896707
Falconsat-3
1 30776U 07006E   22230.64664686  .00044211  00000-0  57861-3 0  9993
2 30776  35.4293 211.6072 0004457 255.3217 104.7022 15.57529954859274
CO-65
1 32785U 08021C   22230.42831146  .00001769  00000-0  18987-3 0  9993
2 32785  97.6623 199.3358 0013543  34.8693 325.3409 14.89768056775714
AAUSAT2
1 32788U 08021F   22230.83896974  .00005637  00000-0  48289-3 0  9997
2 32788  97.5381 213.9730 0008701 272.4057  87.6169 14.97904157777871
DO-64
1 32789U 08021G   22230.85706522  .00015339  00000-0  82236-3 0  9999
2 32789  97.3376 254.9419 0012218 106.7046 253.5529 15.15002210781473
CO-66
1 32791U 08021J   22230.44548148  .00002633  00000-0  25871-3 0  9990
2 32791  97.6161 204.7805 0012358 351.2675   8.8328 14.92934406776447
RS-30
1 32953U 08025A   22230.67223894  .00000024  00000-0  10000-3 0  9997
2 32953  82.5047 145.2551 0019909 121.5685 238.7349 12.43112535646064
PRISM
1 33493U 09002B   22230.44831743  .00005827  00000-0  46931-3 0  9994
2 33493  98.2303 220.5537 0016295 345.2363  14.8381 15.00266663738279
NOAA-19
1 33591U 09005A   22230.82216803  .00000143  00000-0  10217-3 0  9996
2 33591  99.1443 266.2573 0014108  17.3271 342.8379 14.12599924697250
SRMSAT
1 37841U 11058D   22230.35811235  .00000369  00000-0  57430-4 0  9996
2 37841  19.9708 240.7278 0011681 304.8350  84.3992 14.10766173559997
HRBE
1 37855U 11061F   22230.67451339  .00011373  00000-0  48901-3 0  9994
2 37855 101.7175  22.7501 0151119 235.7842 122.8977 15.13196098591114
RS-40
1 38735U 12041C   22230.65422551 -.00000011  00000-0 -14749-3 0  9995
2 38735  82.4729 226.7045 0016005 233.8099 126.1506 12.42586686456242
ZACUBE-1
1 39417U 13066B   22230.66785065  .00001250  00000-0  15775-3 0  9998
2 39417  97.6413 199.3795 0056938 199.1413 160.7662 14.82516973472342
Delfi-N3xt
1 39428U 13066N   22230.36341448  .00002914  00000-0  45016-3 0  9999
2 39428  97.8135 162.0680 0118642  79.9672 281.4898 14.69373962467621
GOMX-1
1 39430U 13066Q   22230.60408237  .00000569  00000-0  11013-3 0  9993
2 39430  97.8048 134.2465 0148105 208.4967 150.8079 14.60306225465360
LO-74
1 39440U 13066AA  22230.43917981  .00001611  00000-0  22396-3 0  9991
2 39440  97.7300 185.4091 0077020 290.9406  68.3575 14.77185025470636
AO-73
1 39444U 13066AE  22230.63850385  .00001567  00000-0  19107-3 0  9997
2 39444  97.6293 201.7659 0056103 186.9234 173.1212 14.83630713471331
SPROUT
1 39770U 14029E   22230.58493131  .00005292  00000-0  53397-3 0  9993
2 39770  97.9490 347.9517 0007038 240.5642 119.4774 14.91509694446929
DTUSAT-2
1 40030U 14033W   22230.29226314  .00002012  00000-0  21353-3 0  9998
2 40030  97.9372 163.3183 0010831 203.6490 156.4231 14.90157361442850
EO-80
1 40032U 14033Y   22230.39995878  .00001844  00000-0  19638-3 0  9994
2 40032  97.9376 163.4408 0010749 204.2045 155.8669 14.90130444442848
HODOYOSHI-1
1 40299U 14070B   22230.72042878  .00003669  00000-0  13919-3 0  9993
2 40299  97.2393 297.0227 0010388 277.2948 181.4072 15.27422618432568
FIREBIRD FU3
1 40377U 15003B   22230.47348993  .00016415  00000-0  47104-3 0  9992
2 40377  99.0909 109.2776 0097331 174.0266 186.2156 15.31299932417904
FIREBIRD FU4
1 40378U 15003C   22230.23365937  .00019067  00000-0  54478-3 0  9992
2 40378  99.0913 109.2083 0097235 174.4633 185.7703 15.31396051417885
GRIFEX
1 40379U 15003D   22230.44440900  .00011840  00000-0  40979-3 0  9992
2 40379  99.1045  94.6866 0112622 218.6671 140.6460 15.24165901417071
XW-2A
1 40903U 15049E   22230.71659895  .00018824  00000-0  27381-3 0  9991
2 40903  97.1735 289.4218 0007564 240.9735 273.7272 15.55774595388930
XW-2C
1 40906U 15049H   22230.70711220  .00003893  00000-0  18568-3 0  9991
2 40906  97.4944 233.6466 0014981 136.6507 336.2963 15.19584769382379
XW-2D
1 40907U 15049J   22230.83572024  .00004552  00000-0  21212-3 0  9996
2 40907  97.4937 233.8121 0014433 131.6557 351.8957 15.20311844382442
LILACSAT-2
1 40908U 15049K   22230.80695780  .00002338  00000-0  12462-3 0  9996
2 40908  97.5183 230.7899 0015762 154.7950 324.2223 15.16082541381931
XW-2E
1 40909U 15049L   22230.77894678  .00007495  00000-0  30748-3 0  9996
2 40909  97.4654 238.4269 0013853 113.4334 332.2378 15.24445840382909
XW-2F
1 40910U 15049M   22230.86607819  .00007461  00000-0  31087-3 0  9997
2 40910  97.4726 237.6634 0014674 113.3766   7.0073 15.23911612382686
XW-2B
1 40911U 15049N   22230.73237637  .00004641  00000-0  21694-3 0  9991
2 40911  97.4922 234.2907 0014256 133.2173 341.9821 15.20193134382319
DCBB
1 40912U 15049P   22230.73896987  .00008929  00000-0  33708-3 0  9993
2 40912  97.4365 241.8842 0014638  84.3133  26.0193 15.27153150383257
TW-1A
1 40928U 15051D   22230.81500332  .00044181  00000-0  45754-3 0  9992
2 40928  97.0351 253.1129 0008839 136.4990 312.1898 15.64539199387971
IO-86
1 40931U 15052B   22230.44602848  .00000498  00000-0 -19851-4 0  9995
2 40931   6.0038  86.8673 0013777 327.0761  32.8724 14.76842122372527
AO-85
1 40967U 15058D   22229.16485543  .00001133  00000-0  13608-3 0  4510
2 40967  64.7722 247.2389 0187345 180.8926 179.1836 14.77639840 69631
ATHENOXAT-1
1 41168U 15077C   22230.56400005  .00011349  00000-0  44503-3 0  9996
2 41168  14.9940 349.6040 0009539  31.9268  62.5658 15.22259183369783
ChubuSat-2
1 41338U 16012B   22230.55754279  .00001752  00000-0  12539-3 0  9990
2 41338  31.0039 348.4080 0013310  48.6790 311.4989 15.01556220356822
ChubuSat-3
1 41339U 16012C   22230.74685638  .00001440  00000-0  10177-3 0  9994
2 41339  31.0127 344.1207 0013193  57.7670 302.4246 15.01619543356859
Horyu-4
1 41340U 16012D   22230.58014786  .00003132  00000-0  21698-3 0  9998
2 41340  31.0053 322.2689 0013146  98.8272 261.3853 15.03618532357084
e-st@r-II
1 41459U 16025D   22230.87586899  .00008626  00000-0  36309-3 0  9992
2 41459  98.1924  40.7256 0142642  57.7260 303.7736 15.14775412346940
AAUSAT4
1 41460U 16025E   22230.79836361  .00013014  00000-0  47592-3 0  9990
2 41460  98.1827  47.4410 0121162  31.9401 328.9150 15.21481284347416
LO-87
1 41557U 16033B   22230.83015297  .00010684  00000-0  30694-3 0  9993
2 41557  97.3902 328.6943 0011331 147.9177   6.4227 15.35948163346957
NuSat2
1 41558U 16033C   22230.84608771  .00010577  00000-0  28619-3 0  9995
2 41558  97.4109 334.7612 0011136 138.3843  15.0777 15.37823211347232
Lapan A3
1 41603U 16040E   22230.88416845  .00001025  00000-0  49416-4 0  9994
2 41603  97.2023 265.1853 0011722 306.6835 170.5326 15.20813888341526
Pratham
1 41783U 16059A   22230.37583530  .00000373  00000-0  80486-4 0  9990
2 41783  97.9094 269.4380 0032829 340.6907  19.3049 14.63404527314682
TY-1
1 41844U 16066D   22230.71373205  .00010447  00000-0  34249-3 0  9998
2 41844  97.3891 242.4884 0014590  70.8471  57.2577 15.31714564321138
CAS-2T
1 41847U 16066G   22230.17365107  .00000665  00000-0  10908-3 0  9990
2 41847  98.5468 294.7636 0363890  25.4307 336.4301 14.38694375303223
EO-88
1 42017U 17008BX  22230.60472700  .00017836  00000-0  50509-3 0  9992
2 42017  97.2640 295.8750 0005256  41.4206 318.7436 15.36321571306617
CAS-4B
1 42759U 17034B   22230.74207138  .00003006  00000-0  18333-3 0  9993
2 42759  43.0186 349.2682 0010471 317.8830 160.1978 15.12271757285788
CAS-4A
1 42761U 17034D   22230.77590134  .00003114  00000-0  18897-3 0  9995
2 42761  43.0187 347.8216 0010857 320.6237 166.4412 15.12358839285790
NIUSat
1 42766U 17036B   22230.52627973  .00009389  00000-0  35322-3 0  9999
2 42766  97.1982 266.1519 0015244 105.9484 254.3437 15.27229483286276
Aalto 1
1 42775U 17036L   22230.53214996  .00007153  00000-0  27751-3 0  9991
2 42775  97.1937 265.9700 0014200 105.2657 255.0153 15.26310117286245
URSA MAIOR
1 42776U 17036M   22230.35784355  .00008921  00000-0  33887-3 0  9994
2 42776  97.1950 266.5951 0013832 104.7904 255.4869 15.26944651286250
Max Valier Sat
1 42778U 17036P   22230.82188377  .00009782  00000-0  36158-3 0  9990
2 42778  97.2009 269.7990 0012605 103.9068 256.3575 15.27835919286425
Pegasus
1 42784U 17036V   22230.07306749  .00012282  00000-0  42456-3 0  9996
2 42784  97.1948 270.0395 0011777 106.5521 253.7015 15.29985064286439
NUDATSat
1 42787U 17036Y   22230.56847752  .00016843  00000-0  48709-3 0  9991
2 42787  97.1977 275.1142 0010358  93.0170 267.2265 15.35634575286627
SUCHAI 1
1 42788U 17036Z   22230.05821866  .00016031  00000-0  51971-3 0  9998
2 42788  97.1953 271.8334 0011023 102.0731 258.1747 15.32008634286613
SKCUBE
1 42789U 17036AA  22230.54508500  .00012890  00000-0  43001-3 0  9994
2 42789  97.1951 271.6981 0011092 101.5839 258.6648 15.31133333286571
VZLUSAT 1
1 42790U 17036AB  22230.38699143  .00024543  00000-0  71235-3 0  9990
2 42790  97.1975 274.8906 0009739  94.9512 265.2844 15.35451131286743
VENTA 1
1 42791U 17036AC  22230.34227832  .00013109  00000-0  44716-3 0  9999
2 42791  97.1955 271.3329 0010912 102.9129 257.3332 15.30410202286521
Robusta 1B
1 42792U 17036AD  22230.34760500  .00016897  00000-0  55218-3 0  9990
2 42792  97.1946 272.1169 0010578 102.1121 258.1307 15.31743803286590
D-SAT
1 42794U 17036AF  22230.48474711  .00001686  00000-0  14631-3 0  9997
2 42794  97.4531 232.6349 0121107 237.0488 121.9040 14.92881270280739
TechnoSat
1 42829U 17042E   22230.52496092  .00001191  00000-0  12248-3 0  9997
2 42829  97.4155  81.0269 0014530 153.8417 206.3540 14.91984989277341
AO-91
1 43017U 17073E   22230.64055667  .00005056  00000-0  38009-3 0  9990
2 43017  97.6662 122.2795 0246963 344.5396  14.8366 14.81820226256325
PICSAT
1 43132U 18004X   22230.21298333  .00016510  00000-0  52292-3 0  9992
2 43132  97.3685 306.3021 0008676 132.7246 227.4728 15.32775503255866
AO-92
1 43137U 18004AC  22230.42793837  .00012486  00000-0  42689-3 0  9996
2 43137  97.3647 305.0580 0008743 134.9183 225.2768 15.30373893255813
TianYi 2
1 43155U 18008A   22230.82412978  .00005187  00000-0  27258-3 0  9993
2 43155  97.3480 287.2313 0014310 289.9623 181.9286 15.16029451252722
Zhou Enlai
1 43156U 18008B   22230.84907025  .00004753  00000-0  25160-3 0  9996
2 43156  97.3528 287.1503 0011578 290.8292 189.1173 15.15840526252652
TianYi 6
1 43158U 18008D   22230.40456343  .00004773  00000-0  26092-3 0  9999
2 43158  97.3481 284.5684 0011312 294.5657 128.6887 15.14698238252486
S-Net D
1 43186U 18014G   22230.28276950  .00002313  00000-0  20009-3 0  9997
2 43186  97.6518 134.8307 0012634  91.4414 268.8256 14.98085081248178
S-Net B
1 43187U 18014H   22230.68374498  .00002196  00000-0  19025-3 0  9993
2 43187  97.6515 135.1723 0012650  90.2712 269.9960 14.98083891248236
S-Net A
1 43188U 18014J   22230.55045808  .00002183  00000-0  18916-3 0  9994
2 43188  97.6520 135.1086 0012653  90.7459 269.5213 14.98082863248214
S-Net C
1 43189U 18014K   22230.55126937  .00002235  00000-0  19357-3 0  9996
2 43189  97.6515 135.0304 0012688  90.5116 269.7560 14.98080833246767
FMN 1
1 43192U 18015A   22230.82718271  .00025977  00000-0  62585-3 0  9998
2 43192  97.5421  17.7748 0010597 164.6211 333.1528 15.41181291253048
Shaonian Xing
1 43199U 18015H   22230.82931853  .00014307  00000-0  41052-3 0  9999
2 43199  97.5212  12.3546 0012931 173.9543 323.2119 15.35896561253014
SurfSat
1 43614U 18070B   22230.52212432  .00045694  00000-0  57213-3 0  9993
2 43614  93.0244 125.1791 0013158 121.5406 238.7146 15.59533291220722
CP-7 DAVE
1 43615U 18070C   22230.20389451  .00047590  00000-0  63641-3 0  9994
2 43615  93.0235 124.8303 0013373 126.0167 234.2339 15.57772773220634
ELFIN-B
1 43616U 18070D   22229.75541819  .00186338  00000-0  93723-3 0  9999
2 43616  93.0124 126.4203 0012303 113.9110 246.3457 15.81096219220999
ELFIN-A
1 43617U 18070E   22230.18558940  .00322828  37047-4  12268-2 0  9997
2 43617  93.0165 128.1641 0011670 113.7853 246.4652 15.87465080221135
CubeBel-1
1 43666U 18083E   22230.85086201  .00007189  00000-0  29769-3 0  9995
2 43666  97.4179 258.8565 0014734 111.6625 353.5094 15.24131790210986
Changshagaoxin
1 43669U 18083H   22230.83371821  .00006655  00000-0  28963-3 0  9993
2 43669  97.4127 254.6243 0011333 109.2812  10.2193 15.22512528210798
Ten-Koh
1 43677U 18084G   22230.34845858  .00001119  00000-0  11815-3 0  9993
2 43677  97.9720   0.9925 0017094  69.4221 290.8829 14.91231139206902
PO-101
1 43678U 18084H   22230.87833766  .00001052  00000-0  10877-3 0  9990
2 43678  97.9794   4.9064 0011305  80.7168 279.5338 14.92261286207162
IRVINE 01
1 43693U 18088D   22230.14147293  .00046278  00000-0  10940-2 0  9993
2 43693  85.0251 268.8968 0009965 220.8645 139.1862 15.41585943209715
QO-100
1 43700U 18090A   22230.50259657  .00000137  00000-0  00000-0 0  9991
2 43700   0.0140 111.6282 0002030  79.1795 342.7190  1.00272795 13659
Reaktor Hello World
1 43743U 18096AA  22230.21513405  .00015912  00000-0  46590-3 0  9990
2 43743  97.3500 309.8682 0014410 191.4102 168.6817 15.35211444207434
MinXSS-2
1 43758U 18099A   22230.18967949  .00003300  00000-0  28623-3 0  9996
2 43758  97.6191 296.6170 0016012  62.1357 298.1485 14.97653285202345
AO-95
1 43770U 18099N   22230.16975214  .00002074  00000-0  18628-3 0  9993
2 43770  97.6165 294.9140 0015291  70.9411 289.3465 14.96681062202246
RANGE-B
1 43772U 18099Q   22230.13702778  .00004159  00000-0  36201-3 0  9998
2 43772  97.6278 296.7048 0015069  60.3127 299.9593 14.97377773202263
RANGE-A
1 43773U 18099R   22230.17681290  .00001763  00000-0  16111-3 0  9994
2 43773  97.6088 293.7026 0014355  60.0876 300.1770 14.96208192202226
MOVE-II
1 43780U 18099Y   22230.47398483  .00004970  00000-0  42335-3 0  9994
2 43780  97.6212 296.4895 0014619  67.4281 292.8487 14.98134166202347
SNUSat 2
1 43782U 18099AA  22230.41085083  .00002418  00000-0  21564-3 0  9995
2 43782  97.6175 295.6272 0013769  58.0923 302.1636 14.96836027202301
SnugLite
1 43784U 18099AC  22230.17184812  .00002212  00000-0  19642-3 0  9996
2 43784  97.6127 295.0274 0015674  64.2757 296.0081 14.97064637202291
ITASat 1
1 43786U 18099AE  22230.49195197  .00001368  00000-0  12419-3 0  9997
2 43786  97.6197 296.1793 0016137  62.9913 297.2954 14.96797593202332
EAGLET 1
1 43790U 18099AJ  22230.18021893  .00001522  00000-0  13729-3 0  9996
2 43790  97.6181 296.4157 0014172  67.5273 292.7448 14.96926550202025
ESEO
1 43792U 18099AL  22230.47412187  .00001311  00000-0  12080-3 0  9995
2 43792  97.6142 295.8274 0014683  65.0844 295.1902 14.96295216202100
CSIM
1 43793U 18099AM  22230.41927931  .00004418  00000-0  37040-3 0  9992
2 43793  97.6232 297.3957 0014231  59.1828 301.0794 14.98820129202162
Astrocast 0.1
1 43798U 18099AS  22230.19569239  .00004592  00000-0  39355-3 0  9999
2 43798  97.6191 296.9872 0012786  48.5262 311.7057 14.97955735202351
JO-97
1 43803U 18099AX  22230.42127557  .00002358  00000-0  20748-3 0  9999
2 43803  97.6158 295.8848 0016081  62.4133 297.8720 14.97351164202342
Suomi 100
1 43804U 18099AY  22230.84438134  .00002719  00000-0  23928-3 0  9996
2 43804  97.6140 296.2061 0015621  61.5197 298.7597 14.97233249202418
Al Farabi 2
1 43805U 18099AZ  22230.53935625  .00003193  00000-0  27552-3 0  9994
2 43805  97.6173 296.4636 0016067  63.6739 296.6132 14.97874951202395
CHOMPTT
1 43855U 18104G   22230.39593296  .00010678  00000-0  38355-3 0  9993
2 43855  85.0376   9.8206 0015359  16.2769 343.8966 15.28401572204184
ISAT
1 43879U 18111D   22230.24546648  .00002503  00000-0  21494-3 0  9994
2 43879  97.6588 134.7360 0013801 108.4936 251.7788 14.98289032196903
UWE-4
1 43880U 18111E   22230.50973085  .00002056  00000-0  17676-3 0  9994
2 43880  97.6627 135.7342 0013324 107.3364 252.9317 14.98435359198990
Sparrow
1 43881U 18111F   22230.18659613  .00002676  00000-0  22775-3 0  9991
2 43881  97.6626 135.6679 0012804 107.1026 253.1600 14.98594539198957
Lume 1
1 43908U 18111AJ  22230.60619250  .00009717  00000-0  32175-3 0  9999
2 43908  97.1822 116.4738 0017138 206.1872 153.8505 15.31363412202900
FO-99
1 43937U 19003F   22230.05104007  .00013053  00000-0  42313-3 0  9993
2 43937  97.1270 261.0446 0017927 295.0677  64.8704 15.31956323199409
MYSat 1
1 44045U 18092F   22230.26162200  .00074390  00000-0  89940-3 0  9991
2 44045  51.6291 123.0477 0005497 339.6020  20.4752 15.60015031197509
AstroCast 0.2
1 44083U 19018F   22230.40704862  .00011647  00000-0  42926-3 0  9993
2 44083  97.3169 288.1210 0008363 264.1287  95.9000 15.27934797187944
AISTechSat 3
1 44103U 19018AB  22230.83296098  .00010642  00000-0  38653-3 0  9996
2 44103  97.3034 288.8669 0010102 273.8422  86.1663 15.28425561188173
AISat 1
1 44104U 19018AC  22230.78193400  .00007982  00000-0  21961-3 0  9991
2 44104  97.3933 314.1857 0049614 269.8896  89.6663 15.36197357189160
Prox-1
1 44339U 19036A   22230.25144327  .00003811  00000-0  81299-3 0  9994
2 44339  23.9995 163.2587 0011360 172.6282 187.4378 14.55345075167453
Oculus-ASR
1 44348U 19036K   22230.09956079  .00055968 -58533-5  47685-3 0  9992
2 44348  28.5014 124.7679 0220820 287.0937  70.5589 15.42268454174053
Armadillo
1 44352U 19036P   22230.70937919  .01332800  11170-2  11278-2 0  9991
2 44352  28.5147  14.1282 0043024  93.4965 267.0575 16.10452215175141
NO-104
1 44354U 19036R   22230.36581954  .00062822 -55978-5  50305-3 0  9995
2 44354  28.5249 107.1387 0210410 312.0587  46.2286 15.45517851174241
Move-IIb
1 44398U 19038N   22230.60326290  .00009485  00000-0  44441-3 0  9992
2 44398  97.6323 200.5742 0018948 273.4317  86.4747 15.19768380172472
SONATE
1 44400U 19038Q   22230.81194944  .00003710  00000-0  20077-3 0  9992
2 44400  97.6443 199.6289 0021525 279.1157  80.7639 15.15100734172378
BeeSat 9
1 44412U 19038AC  22230.44430318  .00009642  00000-0  48007-3 0  9995
2 44412  97.6402 200.2312 0017882 280.9085  79.0136 15.17667739172090
JAISAT-1
1 44419U 19038F   22230.67432505  .00008860  00000-0  43572-3 0  9990
2 44419  97.6403 201.3491 0016912 276.7117  83.2191 15.18140475172496
LightSail-2
1 44420U 19036AC  22230.75595561  .00080236  00000-0  87016-2 0  9998
2 44420  23.9997  80.7788 0016568 295.9128  63.9663 14.86570879166466
Taurus 1
1 44530U 19059C   22230.78594914  .00001419  00000-0  40000-3 0  9998
2 44530  98.5494 329.9114 0011999 292.1150  67.8772 14.47269090154868
Duchifat 3
1 44854U 19089C   22230.77779573  .00002664  00000-0  20855-3 0  9994
2 44854  36.9657  90.7664 0008603 357.5947  93.2028 15.01408456147305
OPS-SAT
1 44878U 19092F   22230.45215365  .00011383  00000-0  51608-3 0  9991
2 44878  97.4819  53.9090 0013440 120.8197 239.4363 15.20921974147616
TO-108
1 44881U 19093C   22230.77234690  .00000394  00000-0  56570-4 0  9997
2 44881  97.8912 309.0836 0014721 349.1748  10.9142 14.81786814144007
FloripaSat 1
1 44885U 19093G   22230.74648151  .00001336  00000-0  16944-3 0  9996
2 44885  97.8960 310.5105 0014207 355.3305   4.7773 14.83323763144088
RS-44
1 44909U 19096E   22230.34596836  .00000008  00000-0 -16904-4 0  9997
2 44909  82.5229 189.1587 0217386 174.7230 185.6237 12.79714273123423
BY70-2
1 45857U 20042B   22230.75571974  .00004789  00000-0  63286-3 0  9997
2 45857  97.9535 307.0244 0008733 273.2219  86.7983 14.80439402114671
UPMSat 2
1 46276U 20061E   22230.45229477  .00004127  00000-0  20292-3 0  9995
2 46276  97.3876 299.8652 0001115  34.7045 325.4262 15.18572230108286
AmicalSat
1 46287U 20061R   22230.45086731  .00004912  00000-0  28032-3 0  9993
2 46287  97.4423 298.7176 0004034  76.2444 283.9236 15.13189903107849
SALSAT
1 46495U 20068K   22230.47703800  .00001560  00000-0  11486-3 0  9997
2 46495  97.7308 171.8131 0018064  69.3851 290.9310 15.04722748103511
BY70-3
1 46839U 20079N   22230.88108006  .00019760  00000-0  42986-3 0  9993
2 46839  97.1940 302.2435 0006995 106.5160 312.4172 15.44321204 99878
CAPE 3
1 47309U 21002A   22230.30039892  .00011869  00000-0  46605-3 0  9990
2 47309  60.6826 131.7482 0031310  20.6564 339.5781 15.25702076 87882
AO-109
1 47311U 21002C   22230.26784680  .00011039  00000-0  43020-3 0  9997
2 47311  60.6846 129.4075 0027613  22.4806 337.7485 15.26118842 87894
MiTEE 1
1 47314U 21002F   22230.23683378  .00023525  00000-0  75775-3 0  9994
2 47314  60.6816 121.0665 0024494  15.3048 344.8778 15.31904864 88056
ExoCube 2
1 47319U 21002L   22230.41553203  .00010476  00000-0  41399-3 0  9998
2 47319  60.6830 130.0579 0028863  22.8362 337.4002 15.25670345 87860
UVSQ-SAT
1 47438U 21006AB  22230.12717054  .00006358  00000-0  33105-3 0  9998
2 47438  97.4324 287.8799 0013134  65.5125 294.7476 15.16285561 86624
YUSAT 1
1 47439U 21006AC  22230.80327716  .00008091  00000-0  41375-3 0  9990
2 47439  97.4330 288.6882 0012805  63.5584 296.6961 15.16836962 86734
SOMP 2b
1 47445U 21006AJ  22230.40321470  .00006077  00000-0  31979-3 0  9995
2 47445  97.4295 287.7628 0012901  68.6538 291.6071 15.15928237 86655
IDEASSat
1 47458U 21006AX  22230.78781623  .00006555  00000-0  34631-3 0  9999
2 47458  97.4385 288.6934 0012027  66.3043 293.9450 15.15771942 86705
CubeSX-Sirius-HSE
1 47951U 21022V   22230.88248124  .00002668  00000-0  17744-3 0  9997
2 47951  97.5219 129.0883 0019814 296.3499 125.9769 15.07863344 77405
CubeSX-HSE
1 47952U 21022W   22230.86774274  .00003555  00000-0  23467-3 0  9991
2 47952  97.5230 129.0969 0019572 294.9201 129.1716 15.07927527 77402
KSU-Cubesat
1 47954U 21022Y   22230.47819799  .00004733  00000-0  30886-3 0  9994
2 47954  97.5225 128.8431 0018963 295.2345  64.6918 15.08191200 77077
GRBAlpha
1 47959U 21022AD  22230.86485453  .00003693  00000-0  24342-3 0  9992
2 47959  97.5234 129.1374 0019365 295.0085 129.1861 15.07956876 76225
Orbicraft-Zorkiy
1 47960U 21022AE  22230.83750756  .00002975  00000-0  19610-3 0  9996
2 47960  97.5251 129.2725 0018889 295.4345 152.8083 15.08121531 76918
STECCO
1 47962U 21022AG  22230.83284743  .00004752  00000-0  29336-3 0  9997
2 47962  97.5224 130.1064 0013732 288.6199 140.3575 15.10300671 76285
DO-111
1 47963U 21022AH  22230.26312186  .00020413  00000-0  10898-2 0  9992
2 47963  97.5247 130.9551 0014091 281.2447  78.7201 15.15072849 76305
MO-110
1 47964U 21022AJ  22230.18635836  .00007909  00000-0  47971-3 0  9992
2 47964  97.5229 129.7672 0016337 286.1234  73.8197 15.10699582 76202
FEES
1 48082U 21022AL  22229.95965058  .00009042  00000-0  53737-3 0  9996
2 48082  97.5231 129.5222 0012495 283.6923  76.2916 15.11443357 75870
RamSat
1 48850U 98067SL  22230.39102971  .00158966  00000-0  79437-3 0  9994
2 48850  51.6365 359.0161 0004891 313.7467  46.3129 15.80816726 67092
TUBIN
1 48900U 21059X   22230.82876789  .00003237  00000-0  18038-3 0  9990
2 48900  97.5619 359.6699 0008548 245.6728 217.7887 15.14298286 63359
IT-SPINS
1 49017U 21013G   22230.36056729  .00009564  00000-0  36221-3 0  9996
2 49017  51.5977 103.1857 0007440 302.4843  57.5416 15.27540969 63242
LEDSAT
1 49069U 21073D   22230.85287529  .00004026  00000-0  25577-3 0  9997
2 49069  97.5206 302.5120 0028520  81.6342 278.8119 15.09080169 55244
CUTE
1 49263U 21088D   22230.49789008  .00003059  00000-0  22814-3 0  9994
2 49263  97.5844 297.1848 0019099 208.1469 151.8726 15.03475281 48749
Binar-1
1 49272U 98067SR  22230.44019423  .00178995  00000-0  79957-3 0  9999
2 49272  51.6305   2.2838 0003977 292.1589  67.8991 15.83171065 49449
CUAVA-1
1 49275U 98067SU  22230.46390328  .00589033  17156-3  93925-3 0  9993
2 49275  51.6261 355.3096 0011803 317.2435 158.6269 16.02954259 49484
TeikyoSat 4
1 49396U 21102B   22230.10208893  .00001438  00000-0  11761-3 0  9992
2 49396  97.5253 286.2065 0017830  47.2416 313.0305 15.00746645 42296
Z-Sat
1 49399U 21102E   22230.89322200  .00001621  00000-0  12509-3 0  9995
2 49399  97.5339 287.9556 0023199  23.1226 337.1038 15.02747854 42468
KOSEN 1
1 49402U 21102H   22230.11253516  .00002588  00000-0  19155-3 0  9995
2 49402  97.5248 287.3579 0022301  14.3047 345.8806 15.03831073 42375
HO-113
1 50466U 21131B   22230.84247520  .00000097  00000-0  46219-4 0  9992
2 50466  98.5783 308.0611 0003698 336.8209  23.2810 14.38515958 33886
Tevel
1 50999U 22002R   22230.86196356  .00005566  00000-0  29634-3 0  9990
2 50999  97.4762 296.9438 0010700 194.8036 275.4119 15.15580177 32878
Grizu-263a
1 51025U 22002AT  22230.12952200  .00015023  00000-0  73901-3 0  9993
2 51025  97.4934 297.1415 0012146 202.7907 157.2790 15.18043875 32795
NO-116
1 51031U 22002AZ  22230.60439824  .00010659  00000-0  54468-3 0  9992
2 51031  97.4889 297.2978 0012395 201.7960 158.2748 15.16791301 32853
IRIS-A
1 51044U 22002BN  22230.41060181  .00004678  00000-0  26208-3 0  9996
2 51044  97.4779 296.1752 0008571 201.1842 158.9036 15.13866328 32785
DELFI-PQ
1 51074U 22002CU  22230.13635277  .00011695  00000-0  57068-3 0  9997
2 51074  97.5016 297.6690 0012350 235.2199 124.7873 15.18384770 32818
SO-115
1 51080U 22002DA  22229.15722595  .00005582  00000-0  28301-3 0  9990
2 51080  97.5028 296.5604 0012062 239.6098 120.3944 15.17298242 32657
SO-114
1 51081U 22002DB  22230.14687946  .00007636  00000-0  38555-3 0  9996
2 51081  97.5020 297.5163 0012468 235.5184 124.4872 15.17316979 32802
OreSat0
1 52017U 22026K   22230.49814316  .00006896  00000-0  36222-3 0  9999
2 52017  97.5048 229.5734 0028558  61.8556 298.5556 15.15668866 23581
Planetum 1
1 52738U 22057G   22230.58637535  .00005490  00000-0  31933-3 0  9992
2 52738  97.5171 344.2532 0007306 326.5454  33.5314 15.12447619 12827
Foresail-1
1 52766U 22057AL  22230.86169894  .00003298  00000-0  18678-3 0  9997
2 52766  97.5278 344.8050 0012188 301.2868 154.8765 15.13666600 12876
SNUGLITE 2
1 52899U 22065F   22230.66270049  .00000470  00000-0  11096-3 0  9992
2 52899  98.0269  19.9256 0009581  82.5093 277.7198 14.58387116  6765
CTIM
1 52950U 22074G   22230.39627556  .00005595  00000-0  23607-3 0  9993
2 52950  45.0203 222.0086 0001399 150.1850 209.9114 15.24314064  7181
MTCube 2
1 53106U 22080B   22228.77058609 -.00000003  00000-0  00000 0 0  9998
2 53106  70.1487  65.4803 0007999 250.7836 109.1974  6.42558509  2192
AstroBioCubeSat
1 53107U 22080C   22228.63860713 -.00000003  00000-0  00000 0 0  9991
2 53107  70.1504  65.5620 0013481 242.6974 117.2413  6.42110769  2085
GREENCUBE
1 53109U 22080E   22230.48120462 -.00000003  00000-0  00000-0 0  9990
2 53109  70.1383  64.6956 0009378 236.9715 123.0065  6.42583830  2196
CELESTA
1 53111U 22080G   22209.16019017 -.00000003  00000-0  00000-0 0  9997
2 53111  70.1517  72.3224 0015664 220.2144 139.7964  6.42532870   816
RS4S
1 53306U 98067TR  22230.70809324  .00047291  00000-0  77679-3 0  9991
2 53306  51.6425  26.6942 0002476 137.1260 222.9923 15.51920953  4362
RS3S
1 53308U 98067TT  22230.70749851  .00053006  00000-0  86873-3 0  9998
2 53308  51.6423  26.6901 0002283 126.4287 233.6913 15.51933775  4424
RS1S
1 53309U 98067TU  22230.90003822  .00053124  00000-0  86836-3 0  9992
2 53309  51.6422  25.7251 0002818 145.2735 214.8439 15.52005272  4408
RS5S
1 53310U 98067TV  22230.90018367  .00050853  00000-0  83342-3 0  9999
2 53310  51.6426  25.7271 0002555 146.5770 213.5381 15.51951927  4438
RS6S
1 53311U 98067TW  22230.89865634  .00057178  00000-0  92920-3 0  9994
2 53311  51.6420  25.7158 0001987 117.4799 242.6393 15.52137982  4459
RS9S
1 53312U 98067TX  22230.89908374  .00054189  00000-0  88369-3 0  9995
2 53312  51.6424  25.7188 0003010 148.4390 211.6781 15.52062193  4398
RS12S
1 53313U 98067TY  22230.89828617  .00052527  00000-0  85552-3 0  9992
2 53313  51.6424  25.7141 0002530 154.4712 205.6403 15.52111406  4441
